batch_size: 64
decay: 2.0
phase_scale: 1.0
sched: var
seed: 1
start_phase_len: 2000
total_steps: 150000
x_lr: 0.000507085013429862
y_lr: 0.14508793494329325
