batch_size: 16
decay: 2.0
phase_scale: 1.0
sched: var
seed: 0
start_phase_len: 2000
total_steps: 150000
x_lr: 0.00021128542226244254
y_lr: 0.020151102075457398
