batch_size: 256
decay: 2.0
phase_scale: 1.0
sched: var
seed: 0
start_phase_len: 2000
total_steps: 150000
x_lr: 7.825386009720094e-06
y_lr: 0.0604533062263722
