batch_size: 256
decay: 2.0
phase_scale: 1.0
sched: const
seed: 0
start_phase_len: 500
total_steps: 150000
x_lr: 1.936783037405723e-06
y_lr: 0.0001847184356916928
