batch_size: 16
decay: 0.001
phase_scale: 1.0
sched: poly
seed: 0
start_phase_len: 2000
total_steps: 150000
x_lr: 0.0005210788172329529
y_lr: 0.05718894681539209
