batch_size: 256
decay: 0.05
phase_scale: 1.0
sched: poly-sqrt
seed: 0
start_phase_len: 2000
total_steps: 150000
x_lr: 2.2208491756133276e-05
y_lr: 0.002118109141310818
