batch_size: 64
decay: 0.05
phase_scale: 1.0
sched: poly-sqrt
seed: 0
start_phase_len: 2000
total_steps: 150000
x_lr: 6.662547526839982e-05
y_lr: 0.006354327423932455
