batch_size: 64
decay: 2.0
phase_scale: 1.0
sched: step
seed: 0
start_phase_len: 500
total_steps: 150000
x_lr: 8.261639170326292e-05
y_lr: 0.6382348449969837
