batch_size: 256
decay: 0.05
phase_scale: 1.0
sched: poly-sqrt
seed: 1
start_phase_len: 2000
total_steps: 150000
x_lr: 0.0001199258554831197
y_lr: 0.011437789363078418
