batch_size: 64
decay: 0.05
phase_scale: 1.0
sched: poly-sqrt
seed: 0
start_phase_len: 2000
total_steps: 150000
x_lr: 0.0001599011406441596
y_lr: 1.2352812512124691
