batch_size: 256
decay: 0.001
phase_scale: 1.0
sched: poly
seed: 1
start_phase_len: 2000
total_steps: 150000
x_lr: 3.473858781553019e-05
y_lr: 0.009939457557442995
