batch_size: 64
decay: 0.001
phase_scale: 1.0
sched: poly
seed: 1
start_phase_len: 2000
total_steps: 150000
x_lr: 0.00020843152689318115
y_lr: 0.059636745344657974
